        -1	0.0000	0.0000	0.0000	0.0000	0.0000	0.0000	
         0	0.0000	0.0000	0.0000	0.0000	0.0000	0.0000	
         0	3.2935	0.6860	0.4592	0.2900	0.3817	1.4767	
       600	3.2935	0.6860	0.4592	0.2900	0.3817	1.4767	
       600	1.1452	0.6860	0.4592	0.0000	0.0000	0.0000	
       800	1.1452	0.6860	0.4592	0.0000	0.0000	0.0000	
       800	1.4352	0.6860	0.4592	0.2900	0.0000	0.0000	
      1000	1.4352	0.6860	0.4592	0.2900	0.0000	0.0000	
      1000	3.2935	0.6860	0.4592	0.2900	0.3817	1.4767	
      1400	3.2935	0.6860	0.4592	0.2900	0.3817	1.4767	
      1400	3.0035	0.6860	0.4592	0.0000	0.3817	1.4767	
      1600	3.0035	0.6860	0.4592	0.0000	0.3817	1.4767	
      1600	1.4352	0.6860	0.4592	0.2900	0.0000	0.0000	
      2000	1.4352	0.6860	0.4592	0.2900	0.0000	0.0000	
      2000	3.2935	0.6860	0.4592	0.2900	0.3817	1.4767	
      2200	3.2935	0.6860	0.4592	0.2900	0.3817	1.4767	
      2200	3.0035	0.6860	0.4592	0.0000	0.3817	1.4767	
      2400	3.0035	0.6860	0.4592	0.0000	0.3817	1.4767	
      2400	3.2935	0.6860	0.4592	0.2900	0.3817	1.4767	
      2600	3.2935	0.6860	0.4592	0.2900	0.3817	1.4767	
      2600	1.4352	0.6860	0.4592	0.2900	0.0000	0.0000	
      3000	1.4352	0.6860	0.4592	0.2900	0.0000	0.0000	
      3000	3.0035	0.6860	0.4592	0.0000	0.3817	1.4767	
      3200	3.0035	0.6860	0.4592	0.0000	0.3817	1.4767	
      3200	3.2935	0.6860	0.4592	0.2900	0.3817	1.4767	
      3600	3.2935	0.6860	0.4592	0.2900	0.3817	1.4767	
      3600	1.4352	0.6860	0.4592	0.2900	0.0000	0.0000	
      3800	1.4352	0.6860	0.4592	0.2900	0.0000	0.0000	
      3800	1.1452	0.6860	0.4592	0.0000	0.0000	0.0000	
      4000	1.1452	0.6860	0.4592	0.0000	0.0000	0.0000	
      4000	3.2935	0.6860	0.4592	0.2900	0.3817	1.4767	
      4600	3.2935	0.6860	0.4592	0.2900	0.3817	1.4767	
      4600	1.1452	0.6860	0.4592	0.0000	0.0000	0.0000	
      4800	1.1452	0.6860	0.4592	0.0000	0.0000	0.0000	
      4800	1.4352	0.6860	0.4592	0.2900	0.0000	0.0000	
      5000	1.4352	0.6860	0.4592	0.2900	0.0000	0.0000	
      5000	3.2935	0.6860	0.4592	0.2900	0.3817	1.4767	
      5400	3.2935	0.6860	0.4592	0.2900	0.3817	1.4767	
      5400	3.0035	0.6860	0.4592	0.0000	0.3817	1.4767	
      5600	3.0035	0.6860	0.4592	0.0000	0.3817	1.4767	
      5600	1.4352	0.6860	0.4592	0.2900	0.0000	0.0000	
      6000	1.4352	0.6860	0.4592	0.2900	0.0000	0.0000	
      6000	2.8343	0.6860	0.0000	0.2900	0.3817	1.4767	
      6200	2.8343	0.6860	0.0000	0.2900	0.3817	1.4767	
      6200	2.5443	0.6860	0.0000	0.0000	0.3817	1.4767	
      6400	2.5443	0.6860	0.0000	0.0000	0.3817	1.4767	
      6400	2.8343	0.6860	0.0000	0.2900	0.3817	1.4767	
      6600	2.8343	0.6860	0.0000	0.2900	0.3817	1.4767	
      6600	0.9760	0.6860	0.0000	0.2900	0.0000	0.0000	
      7000	0.9760	0.6860	0.0000	0.2900	0.0000	0.0000	
      7000	2.5443	0.6860	0.0000	0.0000	0.3817	1.4767	
      7200	2.5443	0.6860	0.0000	0.0000	0.3817	1.4767	
      7200	2.8343	0.6860	0.0000	0.2900	0.3817	1.4767	
      7600	2.8343	0.6860	0.0000	0.2900	0.3817	1.4767	
      7600	0.9760	0.6860	0.0000	0.2900	0.0000	0.0000	
      7800	0.9760	0.6860	0.0000	0.2900	0.0000	0.0000	
      7800	0.6860	0.6860	0.0000	0.0000	0.0000	0.0000	
      8000	0.6860	0.6860	0.0000	0.0000	0.0000	0.0000	
      8000	2.8343	0.6860	0.0000	0.2900	0.3817	1.4767	
      8600	2.8343	0.6860	0.0000	0.2900	0.3817	1.4767	
      8600	0.6860	0.6860	0.0000	0.0000	0.0000	0.0000	
      8800	0.6860	0.6860	0.0000	0.0000	0.0000	0.0000	
      8800	0.9760	0.6860	0.0000	0.2900	0.0000	0.0000	
      9000	0.9760	0.6860	0.0000	0.2900	0.0000	0.0000	
      9000	2.8343	0.6860	0.0000	0.2900	0.3817	1.4767	
      9400	2.8343	0.6860	0.0000	0.2900	0.3817	1.4767	
      9400	2.5443	0.6860	0.0000	0.0000	0.3817	1.4767	
      9600	2.5443	0.6860	0.0000	0.0000	0.3817	1.4767	
      9600	0.9760	0.6860	0.0000	0.2900	0.0000	0.0000	
     10000	0.9760	0.6860	0.0000	0.2900	0.0000	0.0000	
     10000	2.8343	0.6860	0.0000	0.2900	0.3817	1.4767	
     10200	2.8343	0.6860	0.0000	0.2900	0.3817	1.4767	
     10200	2.5443	0.6860	0.0000	0.0000	0.3817	1.4767	
     10400	2.5443	0.6860	0.0000	0.0000	0.3817	1.4767	
     10400	2.8343	0.6860	0.0000	0.2900	0.3817	1.4767	
     10600	2.8343	0.6860	0.0000	0.2900	0.3817	1.4767	
     10600	0.9760	0.6860	0.0000	0.2900	0.0000	0.0000	
     11000	0.9760	0.6860	0.0000	0.2900	0.0000	0.0000	
     11000	2.5443	0.6860	0.0000	0.0000	0.3817	1.4767	
     11200	2.5443	0.6860	0.0000	0.0000	0.3817	1.4767	
     11200	2.8343	0.6860	0.0000	0.2900	0.3817	1.4767	
     11600	2.8343	0.6860	0.0000	0.2900	0.3817	1.4767	
     11600	0.9760	0.6860	0.0000	0.2900	0.0000	0.0000	
     11800	0.9760	0.6860	0.0000	0.2900	0.0000	0.0000	
     11800	0.6860	0.6860	0.0000	0.0000	0.0000	0.0000	
     12000	0.6860	0.6860	0.0000	0.0000	0.0000	0.0000	
     12000	2.8343	0.6860	0.0000	0.2900	0.3817	1.4767	
     12600	2.8343	0.6860	0.0000	0.2900	0.3817	1.4767	
     12600	0.6860	0.6860	0.0000	0.0000	0.0000	0.0000	
     12800	0.6860	0.6860	0.0000	0.0000	0.0000	0.0000	
     12800	0.9760	0.6860	0.0000	0.2900	0.0000	0.0000	
     13000	0.9760	0.6860	0.0000	0.2900	0.0000	0.0000	
     13000	2.8343	0.6860	0.0000	0.2900	0.3817	1.4767	
     13400	2.8343	0.6860	0.0000	0.2900	0.3817	1.4767	
     13400	2.5443	0.6860	0.0000	0.0000	0.3817	1.4767	
     13600	2.5443	0.6860	0.0000	0.0000	0.3817	1.4767	
     13600	0.9760	0.6860	0.0000	0.2900	0.0000	0.0000	
     14000	0.9760	0.6860	0.0000	0.2900	0.0000	0.0000	
     14000	2.8343	0.6860	0.0000	0.2900	0.3817	1.4767	
     14200	2.8343	0.6860	0.0000	0.2900	0.3817	1.4767	
     14200	2.5443	0.6860	0.0000	0.0000	0.3817	1.4767	
     14400	2.5443	0.6860	0.0000	0.0000	0.3817	1.4767	
     14400	2.8343	0.6860	0.0000	0.2900	0.3817	1.4767	
     14600	2.8343	0.6860	0.0000	0.2900	0.3817	1.4767	
     14600	0.9760	0.6860	0.0000	0.2900	0.0000	0.0000	
     15000	0.9760	0.6860	0.0000	0.2900	0.0000	0.0000	
     15000	2.5443	0.6860	0.0000	0.0000	0.3817	1.4767	
     15200	2.5443	0.6860	0.0000	0.0000	0.3817	1.4767	
     15200	2.8343	0.6860	0.0000	0.2900	0.3817	1.4767	
     15600	2.8343	0.6860	0.0000	0.2900	0.3817	1.4767	
     15600	0.9760	0.6860	0.0000	0.2900	0.0000	0.0000	
     15800	0.9760	0.6860	0.0000	0.2900	0.0000	0.0000	
     15800	0.6860	0.6860	0.0000	0.0000	0.0000	0.0000	
     16000	0.6860	0.6860	0.0000	0.0000	0.0000	0.0000	
     16000	2.1483	0.0000	0.0000	0.2900	0.3817	1.4767	
     16600	2.1483	0.0000	0.0000	0.2900	0.3817	1.4767	
     16600	0.0000	0.0000	0.0000	0.0000	0.0000	0.0000	
     16800	0.0000	0.0000	0.0000	0.0000	0.0000	0.0000	
     16800	0.2900	0.0000	0.0000	0.2900	0.0000	0.0000	
     17000	0.2900	0.0000	0.0000	0.2900	0.0000	0.0000	
     17000	2.1483	0.0000	0.0000	0.2900	0.3817	1.4767	
     17400	2.1483	0.0000	0.0000	0.2900	0.3817	1.4767	
     17400	1.8583	0.0000	0.0000	0.0000	0.3817	1.4767	
     17600	1.8583	0.0000	0.0000	0.0000	0.3817	1.4767	
     17600	0.2900	0.0000	0.0000	0.2900	0.0000	0.0000	
     18000	0.2900	0.0000	0.0000	0.2900	0.0000	0.0000	
     18000	2.1483	0.0000	0.0000	0.2900	0.3817	1.4767	
     18200	2.1483	0.0000	0.0000	0.2900	0.3817	1.4767	
     18200	1.8583	0.0000	0.0000	0.0000	0.3817	1.4767	
     18400	1.8583	0.0000	0.0000	0.0000	0.3817	1.4767	
     18400	2.1483	0.0000	0.0000	0.2900	0.3817	1.4767	
     18600	2.1483	0.0000	0.0000	0.2900	0.3817	1.4767	
     18600	0.2900	0.0000	0.0000	0.2900	0.0000	0.0000	
     19000	0.2900	0.0000	0.0000	0.2900	0.0000	0.0000	
     19000	1.8583	0.0000	0.0000	0.0000	0.3817	1.4767	
     19200	1.8583	0.0000	0.0000	0.0000	0.3817	1.4767	
     19200	2.1483	0.0000	0.0000	0.2900	0.3817	1.4767	
     19600	2.1483	0.0000	0.0000	0.2900	0.3817	1.4767	
     19600	0.2900	0.0000	0.0000	0.2900	0.0000	0.0000	
     19800	0.2900	0.0000	0.0000	0.2900	0.0000	0.0000	
     19800	0.0000	0.0000	0.0000	0.0000	0.0000	0.0000	
     20000	0.0000	0.0000	0.0000	0.0000	0.0000	0.0000	
     20000	2.6075	0.0000	0.4592	0.2900	0.3817	1.4767	
     20600	2.6075	0.0000	0.4592	0.2900	0.3817	1.4767	
     20600	0.4592	0.0000	0.4592	0.0000	0.0000	0.0000	
     20800	0.4592	0.0000	0.4592	0.0000	0.0000	0.0000	
     20800	0.7492	0.0000	0.4592	0.2900	0.0000	0.0000	
     21000	0.7492	0.0000	0.4592	0.2900	0.0000	0.0000	
     21000	2.6075	0.0000	0.4592	0.2900	0.3817	1.4767	
     21400	2.6075	0.0000	0.4592	0.2900	0.3817	1.4767	
     21400	2.3175	0.0000	0.4592	0.0000	0.3817	1.4767	
     21600	2.3175	0.0000	0.4592	0.0000	0.3817	1.4767	
     21600	0.7492	0.0000	0.4592	0.2900	0.0000	0.0000	
     22000	0.7492	0.0000	0.4592	0.2900	0.0000	0.0000	
     22000	2.6075	0.0000	0.4592	0.2900	0.3817	1.4767	
     22200	2.6075	0.0000	0.4592	0.2900	0.3817	1.4767	
     22200	2.3175	0.0000	0.4592	0.0000	0.3817	1.4767	
     22400	2.3175	0.0000	0.4592	0.0000	0.3817	1.4767	
     22400	2.6075	0.0000	0.4592	0.2900	0.3817	1.4767	
     22600	2.6075	0.0000	0.4592	0.2900	0.3817	1.4767	
     22600	0.7492	0.0000	0.4592	0.2900	0.0000	0.0000	
     23000	0.7492	0.0000	0.4592	0.2900	0.0000	0.0000	
     23000	2.3175	0.0000	0.4592	0.0000	0.3817	1.4767	
     23200	2.3175	0.0000	0.4592	0.0000	0.3817	1.4767	
     23200	2.6075	0.0000	0.4592	0.2900	0.3817	1.4767	
     23600	2.6075	0.0000	0.4592	0.2900	0.3817	1.4767	
     23600	0.7492	0.0000	0.4592	0.2900	0.0000	0.0000	
     23800	0.7492	0.0000	0.4592	0.2900	0.0000	0.0000	
     23800	0.4592	0.0000	0.4592	0.0000	0.0000	0.0000	
     24000	0.4592	0.0000	0.4592	0.0000	0.0000	0.0000	
     24000	2.6075	0.0000	0.4592	0.2900	0.3817	1.4767	
     24600	2.6075	0.0000	0.4592	0.2900	0.3817	1.4767	
     24600	0.4592	0.0000	0.4592	0.0000	0.0000	0.0000	
     24800	0.4592	0.0000	0.4592	0.0000	0.0000	0.0000	
     24800	0.7492	0.0000	0.4592	0.2900	0.0000	0.0000	
     25000	0.7492	0.0000	0.4592	0.2900	0.0000	0.0000	
     25000	2.6075	0.0000	0.4592	0.2900	0.3817	1.4767	
     25400	2.6075	0.0000	0.4592	0.2900	0.3817	1.4767	
     25400	2.3175	0.0000	0.4592	0.0000	0.3817	1.4767	
     25600	2.3175	0.0000	0.4592	0.0000	0.3817	1.4767	
     25600	0.7492	0.0000	0.4592	0.2900	0.0000	0.0000	
     26000	0.7492	0.0000	0.4592	0.2900	0.0000	0.0000	
     26000	2.1483	0.0000	0.0000	0.2900	0.3817	1.4767	
     26200	2.1483	0.0000	0.0000	0.2900	0.3817	1.4767	
     26200	1.8583	0.0000	0.0000	0.0000	0.3817	1.4767	
     26400	1.8583	0.0000	0.0000	0.0000	0.3817	1.4767	
     26400	2.1483	0.0000	0.0000	0.2900	0.3817	1.4767	
     26600	2.1483	0.0000	0.0000	0.2900	0.3817	1.4767	
     26600	0.2900	0.0000	0.0000	0.2900	0.0000	0.0000	
     27000	0.2900	0.0000	0.0000	0.2900	0.0000	0.0000	
     27000	1.8583	0.0000	0.0000	0.0000	0.3817	1.4767	
     27200	1.8583	0.0000	0.0000	0.0000	0.3817	1.4767	
     27200	2.1483	0.0000	0.0000	0.2900	0.3817	1.4767	
     27600	2.1483	0.0000	0.0000	0.2900	0.3817	1.4767	
     27600	0.2900	0.0000	0.0000	0.2900	0.0000	0.0000	
     27800	0.2900	0.0000	0.0000	0.2900	0.0000	0.0000	
     27800	0.0000	0.0000	0.0000	0.0000	0.0000	0.0000	
     28000	0.0000	0.0000	0.0000	0.0000	0.0000	0.0000	
     28000	2.1483	0.0000	0.0000	0.2900	0.3817	1.4767	
     28600	2.1483	0.0000	0.0000	0.2900	0.3817	1.4767	
     28600	0.0000	0.0000	0.0000	0.0000	0.0000	0.0000	
     28800	0.0000	0.0000	0.0000	0.0000	0.0000	0.0000	
     28800	0.2900	0.0000	0.0000	0.2900	0.0000	0.0000	
     29000	0.2900	0.0000	0.0000	0.2900	0.0000	0.0000	
     29000	2.1483	0.0000	0.0000	0.2900	0.3817	1.4767	
     29400	2.1483	0.0000	0.0000	0.2900	0.3817	1.4767	
     29400	1.8583	0.0000	0.0000	0.0000	0.3817	1.4767	
     29600	1.8583	0.0000	0.0000	0.0000	0.3817	1.4767	
     29600	0.2900	0.0000	0.0000	0.2900	0.0000	0.0000	
     30000	0.2900	0.0000	0.0000	0.2900	0.0000	0.0000	
     30000	2.8343	0.6860	0.0000	0.2900	0.3817	1.4767	
     30200	2.8343	0.6860	0.0000	0.2900	0.3817	1.4767	
     30200	2.5443	0.6860	0.0000	0.0000	0.3817	1.4767	
     30400	2.5443	0.6860	0.0000	0.0000	0.3817	1.4767	
     30400	2.8343	0.6860	0.0000	0.2900	0.3817	1.4767	
     30600	2.8343	0.6860	0.0000	0.2900	0.3817	1.4767	
     30600	0.9760	0.6860	0.0000	0.2900	0.0000	0.0000	
     31000	0.9760	0.6860	0.0000	0.2900	0.0000	0.0000	
     31000	2.5443	0.6860	0.0000	0.0000	0.3817	1.4767	
     31200	2.5443	0.6860	0.0000	0.0000	0.3817	1.4767	
     31200	2.8343	0.6860	0.0000	0.2900	0.3817	1.4767	
     31600	2.8343	0.6860	0.0000	0.2900	0.3817	1.4767	
     31600	0.9760	0.6860	0.0000	0.2900	0.0000	0.0000	
     31800	0.9760	0.6860	0.0000	0.2900	0.0000	0.0000	
     31800	0.6860	0.6860	0.0000	0.0000	0.0000	0.0000	
     32000	0.6860	0.6860	0.0000	0.0000	0.0000	0.0000	
     32000	2.8343	0.6860	0.0000	0.2900	0.3817	1.4767	
     32600	2.8343	0.6860	0.0000	0.2900	0.3817	1.4767	
     32600	0.6860	0.6860	0.0000	0.0000	0.0000	0.0000	
     32800	0.6860	0.6860	0.0000	0.0000	0.0000	0.0000	
     32800	0.9760	0.6860	0.0000	0.2900	0.0000	0.0000	
     33000	0.9760	0.6860	0.0000	0.2900	0.0000	0.0000	
     33000	2.8343	0.6860	0.0000	0.2900	0.3817	1.4767	
     33400	2.8343	0.6860	0.0000	0.2900	0.3817	1.4767	
     33400	2.5443	0.6860	0.0000	0.0000	0.3817	1.4767	
     33600	2.5443	0.6860	0.0000	0.0000	0.3817	1.4767	
     33600	0.9760	0.6860	0.0000	0.2900	0.0000	0.0000	
     34000	0.9760	0.6860	0.0000	0.2900	0.0000	0.0000	
     34000	2.8343	0.6860	0.0000	0.2900	0.3817	1.4767	
     34200	2.8343	0.6860	0.0000	0.2900	0.3817	1.4767	
     34200	2.5443	0.6860	0.0000	0.0000	0.3817	1.4767	
     34400	2.5443	0.6860	0.0000	0.0000	0.3817	1.4767	
     34400	2.8343	0.6860	0.0000	0.2900	0.3817	1.4767	
     34600	2.8343	0.6860	0.0000	0.2900	0.3817	1.4767	
     34600	0.9760	0.6860	0.0000	0.2900	0.0000	0.0000	
     35000	0.9760	0.6860	0.0000	0.2900	0.0000	0.0000	
     35000	2.5443	0.6860	0.0000	0.0000	0.3817	1.4767	
     35200	2.5443	0.6860	0.0000	0.0000	0.3817	1.4767	
     35200	2.8343	0.6860	0.0000	0.2900	0.3817	1.4767	
     35600	2.8343	0.6860	0.0000	0.2900	0.3817	1.4767	
     35600	0.9760	0.6860	0.0000	0.2900	0.0000	0.0000	
     35800	0.9760	0.6860	0.0000	0.2900	0.0000	0.0000	
     35800	0.6860	0.6860	0.0000	0.0000	0.0000	0.0000	
     36000	0.6860	0.6860	0.0000	0.0000	0.0000	0.0000	
     36000	2.8343	0.6860	0.0000	0.2900	0.3817	1.4767	
     36600	2.8343	0.6860	0.0000	0.2900	0.3817	1.4767	
     36600	0.6860	0.6860	0.0000	0.0000	0.0000	0.0000	
     36800	0.6860	0.6860	0.0000	0.0000	0.0000	0.0000	
     36800	0.9760	0.6860	0.0000	0.2900	0.0000	0.0000	
     37000	0.9760	0.6860	0.0000	0.2900	0.0000	0.0000	
     37000	2.8343	0.6860	0.0000	0.2900	0.3817	1.4767	
     37400	2.8343	0.6860	0.0000	0.2900	0.3817	1.4767	
     37400	2.5443	0.6860	0.0000	0.0000	0.3817	1.4767	
     37600	2.5443	0.6860	0.0000	0.0000	0.3817	1.4767	
     37600	0.9760	0.6860	0.0000	0.2900	0.0000	0.0000	
     38000	0.9760	0.6860	0.0000	0.2900	0.0000	0.0000	
     38000	2.8343	0.6860	0.0000	0.2900	0.3817	1.4767	
     38200	2.8343	0.6860	0.0000	0.2900	0.3817	1.4767	
     38200	2.5443	0.6860	0.0000	0.0000	0.3817	1.4767	
     38400	2.5443	0.6860	0.0000	0.0000	0.3817	1.4767	
     38400	2.8343	0.6860	0.0000	0.2900	0.3817	1.4767	
     38600	2.8343	0.6860	0.0000	0.2900	0.3817	1.4767	
     38600	0.9760	0.6860	0.0000	0.2900	0.0000	0.0000	
     39000	0.9760	0.6860	0.0000	0.2900	0.0000	0.0000	
     39000	2.5443	0.6860	0.0000	0.0000	0.3817	1.4767	
     39200	2.5443	0.6860	0.0000	0.0000	0.3817	1.4767	
     39200	2.8343	0.6860	0.0000	0.2900	0.3817	1.4767	
     39600	2.8343	0.6860	0.0000	0.2900	0.3817	1.4767	
     39600	0.9760	0.6860	0.0000	0.2900	0.0000	0.0000	
     39800	0.9760	0.6860	0.0000	0.2900	0.0000	0.0000	
     39800	0.6860	0.6860	0.0000	0.0000	0.0000	0.0000	
     40000	0.6860	0.6860	0.0000	0.0000	0.0000	0.0000	
     40000	3.2935	0.6860	0.4592	0.2900	0.3817	1.4767	
     40600	3.2935	0.6860	0.4592	0.2900	0.3817	1.4767	
     40600	1.1452	0.6860	0.4592	0.0000	0.0000	0.0000	
     40800	1.1452	0.6860	0.4592	0.0000	0.0000	0.0000	
     40800	1.4352	0.6860	0.4592	0.2900	0.0000	0.0000	
     41000	1.4352	0.6860	0.4592	0.2900	0.0000	0.0000	
     41000	3.2935	0.6860	0.4592	0.2900	0.3817	1.4767	
     41400	3.2935	0.6860	0.4592	0.2900	0.3817	1.4767	
     41400	3.0035	0.6860	0.4592	0.0000	0.3817	1.4767	
     41600	3.0035	0.6860	0.4592	0.0000	0.3817	1.4767	
     41600	1.4352	0.6860	0.4592	0.2900	0.0000	0.0000	
     42000	1.4352	0.6860	0.4592	0.2900	0.0000	0.0000	
     42000	3.2935	0.6860	0.4592	0.2900	0.3817	1.4767	
     42200	3.2935	0.6860	0.4592	0.2900	0.3817	1.4767	
     42200	3.0035	0.6860	0.4592	0.0000	0.3817	1.4767	
     42400	3.0035	0.6860	0.4592	0.0000	0.3817	1.4767	
     42400	3.2935	0.6860	0.4592	0.2900	0.3817	1.4767	
     42600	3.2935	0.6860	0.4592	0.2900	0.3817	1.4767	
     42600	1.4352	0.6860	0.4592	0.2900	0.0000	0.0000	
     43000	1.4352	0.6860	0.4592	0.2900	0.0000	0.0000	
     43000	3.0035	0.6860	0.4592	0.0000	0.3817	1.4767	
     43200	3.0035	0.6860	0.4592	0.0000	0.3817	1.4767	
     43200	3.2935	0.6860	0.4592	0.2900	0.3817	1.4767	
     43600	3.2935	0.6860	0.4592	0.2900	0.3817	1.4767	
     43600	1.4352	0.6860	0.4592	0.2900	0.0000	0.0000	
     43800	1.4352	0.6860	0.4592	0.2900	0.0000	0.0000	
     43800	1.1452	0.6860	0.4592	0.0000	0.0000	0.0000	
     44000	1.1452	0.6860	0.4592	0.0000	0.0000	0.0000	
     44000	3.2935	0.6860	0.4592	0.2900	0.3817	1.4767	
     44600	3.2935	0.6860	0.4592	0.2900	0.3817	1.4767	
     44600	1.1452	0.6860	0.4592	0.0000	0.0000	0.0000	
     44800	1.1452	0.6860	0.4592	0.0000	0.0000	0.0000	
     44800	1.4352	0.6860	0.4592	0.2900	0.0000	0.0000	
     45000	1.4352	0.6860	0.4592	0.2900	0.0000	0.0000	
     45000	3.2935	0.6860	0.4592	0.2900	0.3817	1.4767	
     45400	3.2935	0.6860	0.4592	0.2900	0.3817	1.4767	
     45400	3.0035	0.6860	0.4592	0.0000	0.3817	1.4767	
     45600	3.0035	0.6860	0.4592	0.0000	0.3817	1.4767	
     45600	1.4352	0.6860	0.4592	0.2900	0.0000	0.0000	
     46000	1.4352	0.6860	0.4592	0.2900	0.0000	0.0000	
     46000	2.1483	0.0000	0.0000	0.2900	0.3817	1.4767	
     46200	2.1483	0.0000	0.0000	0.2900	0.3817	1.4767	
     46200	1.8583	0.0000	0.0000	0.0000	0.3817	1.4767	
     46400	1.8583	0.0000	0.0000	0.0000	0.3817	1.4767	
     46400	2.1483	0.0000	0.0000	0.2900	0.3817	1.4767	
     46600	2.1483	0.0000	0.0000	0.2900	0.3817	1.4767	
     46600	0.2900	0.0000	0.0000	0.2900	0.0000	0.0000	
     47000	0.2900	0.0000	0.0000	0.2900	0.0000	0.0000	
     47000	1.8583	0.0000	0.0000	0.0000	0.3817	1.4767	
     47200	1.8583	0.0000	0.0000	0.0000	0.3817	1.4767	
     47200	2.1483	0.0000	0.0000	0.2900	0.3817	1.4767	
     47600	2.1483	0.0000	0.0000	0.2900	0.3817	1.4767	
     47600	0.2900	0.0000	0.0000	0.2900	0.0000	0.0000	
     47800	0.2900	0.0000	0.0000	0.2900	0.0000	0.0000	
     47800	0.0000	0.0000	0.0000	0.0000	0.0000	0.0000	
     48000	0.0000	0.0000	0.0000	0.0000	0.0000	0.0000	
     48000	2.1483	0.0000	0.0000	0.2900	0.3817	1.4767	
     48600	2.1483	0.0000	0.0000	0.2900	0.3817	1.4767	
     48600	0.0000	0.0000	0.0000	0.0000	0.0000	0.0000	
     48800	0.0000	0.0000	0.0000	0.0000	0.0000	0.0000	
     48800	0.2900	0.0000	0.0000	0.2900	0.0000	0.0000	
     49000	0.2900	0.0000	0.0000	0.2900	0.0000	0.0000	
     49000	2.1483	0.0000	0.0000	0.2900	0.3817	1.4767	
     49400	2.1483	0.0000	0.0000	0.2900	0.3817	1.4767	
     49400	1.8583	0.0000	0.0000	0.0000	0.3817	1.4767	
     49600	1.8583	0.0000	0.0000	0.0000	0.3817	1.4767	
     49600	0.2900	0.0000	0.0000	0.2900	0.0000	0.0000	
     50000	0.2900	0.0000	0.0000	0.2900	0.0000	0.0000	
     50000	2.1483	0.0000	0.0000	0.2900	0.3817	1.4767	
     50200	2.1483	0.0000	0.0000	0.2900	0.3817	1.4767	
     50200	1.8583	0.0000	0.0000	0.0000	0.3817	1.4767	
     50400	1.8583	0.0000	0.0000	0.0000	0.3817	1.4767	
     50400	2.1483	0.0000	0.0000	0.2900	0.3817	1.4767	
     50600	2.1483	0.0000	0.0000	0.2900	0.3817	1.4767	
     50600	0.2900	0.0000	0.0000	0.2900	0.0000	0.0000	
     51000	0.2900	0.0000	0.0000	0.2900	0.0000	0.0000	
     51000	1.8583	0.0000	0.0000	0.0000	0.3817	1.4767	
     51200	1.8583	0.0000	0.0000	0.0000	0.3817	1.4767	
     51200	2.1483	0.0000	0.0000	0.2900	0.3817	1.4767	
     51600	2.1483	0.0000	0.0000	0.2900	0.3817	1.4767	
     51600	0.2900	0.0000	0.0000	0.2900	0.0000	0.0000	
     51800	0.2900	0.0000	0.0000	0.2900	0.0000	0.0000	
     51800	0.0000	0.0000	0.0000	0.0000	0.0000	0.0000	
     52000	0.0000	0.0000	0.0000	0.0000	0.0000	0.0000	
     52000	2.1483	0.0000	0.0000	0.2900	0.3817	1.4767	
     52600	2.1483	0.0000	0.0000	0.2900	0.3817	1.4767	
     52600	0.0000	0.0000	0.0000	0.0000	0.0000	0.0000	
     52800	0.0000	0.0000	0.0000	0.0000	0.0000	0.0000	
     52800	0.2900	0.0000	0.0000	0.2900	0.0000	0.0000	
     53000	0.2900	0.0000	0.0000	0.2900	0.0000	0.0000	
     53000	2.1483	0.0000	0.0000	0.2900	0.3817	1.4767	
     53400	2.1483	0.0000	0.0000	0.2900	0.3817	1.4767	
     53400	1.8583	0.0000	0.0000	0.0000	0.3817	1.4767	
     53600	1.8583	0.0000	0.0000	0.0000	0.3817	1.4767	
     53600	0.2900	0.0000	0.0000	0.2900	0.0000	0.0000	
     54000	0.2900	0.0000	0.0000	0.2900	0.0000	0.0000	
     54000	2.1483	0.0000	0.0000	0.2900	0.3817	1.4767	
     54200	2.1483	0.0000	0.0000	0.2900	0.3817	1.4767	
     54200	1.8583	0.0000	0.0000	0.0000	0.3817	1.4767	
     54400	1.8583	0.0000	0.0000	0.0000	0.3817	1.4767	
     54400	2.1483	0.0000	0.0000	0.2900	0.3817	1.4767	
     54600	2.1483	0.0000	0.0000	0.2900	0.3817	1.4767	
     54600	0.2900	0.0000	0.0000	0.2900	0.0000	0.0000	
     55000	0.2900	0.0000	0.0000	0.2900	0.0000	0.0000	
     55000	1.8583	0.0000	0.0000	0.0000	0.3817	1.4767	
     55200	1.8583	0.0000	0.0000	0.0000	0.3817	1.4767	
     55200	2.1483	0.0000	0.0000	0.2900	0.3817	1.4767	
     55600	2.1483	0.0000	0.0000	0.2900	0.3817	1.4767	
     55600	0.2900	0.0000	0.0000	0.2900	0.0000	0.0000	
     55800	0.2900	0.0000	0.0000	0.2900	0.0000	0.0000	
     55800	0.0000	0.0000	0.0000	0.0000	0.0000	0.0000	
     56000	0.0000	0.0000	0.0000	0.0000	0.0000	0.0000	
     56000	2.1483	0.0000	0.0000	0.2900	0.3817	1.4767	
     56600	2.1483	0.0000	0.0000	0.2900	0.3817	1.4767	
     56600	0.0000	0.0000	0.0000	0.0000	0.0000	0.0000	
     56800	0.0000	0.0000	0.0000	0.0000	0.0000	0.0000	
     56800	0.2900	0.0000	0.0000	0.2900	0.0000	0.0000	
     57000	0.2900	0.0000	0.0000	0.2900	0.0000	0.0000	
     57000	2.1483	0.0000	0.0000	0.2900	0.3817	1.4767	
     57400	2.1483	0.0000	0.0000	0.2900	0.3817	1.4767	
     57400	1.8583	0.0000	0.0000	0.0000	0.3817	1.4767	
     57600	1.8583	0.0000	0.0000	0.0000	0.3817	1.4767	
     57600	0.2900	0.0000	0.0000	0.2900	0.0000	0.0000	
     58000	0.2900	0.0000	0.0000	0.2900	0.0000	0.0000	
     58000	2.1483	0.0000	0.0000	0.2900	0.3817	1.4767	
     58200	2.1483	0.0000	0.0000	0.2900	0.3817	1.4767	
     58200	1.8583	0.0000	0.0000	0.0000	0.3817	1.4767	
     58400	1.8583	0.0000	0.0000	0.0000	0.3817	1.4767	
     58400	2.1483	0.0000	0.0000	0.2900	0.3817	1.4767	
     58600	2.1483	0.0000	0.0000	0.2900	0.3817	1.4767	
     58600	0.2900	0.0000	0.0000	0.2900	0.0000	0.0000	
     59000	0.2900	0.0000	0.0000	0.2900	0.0000	0.0000	
     59000	1.8583	0.0000	0.0000	0.0000	0.3817	1.4767	
     59200	1.8583	0.0000	0.0000	0.0000	0.3817	1.4767	
     59200	2.1483	0.0000	0.0000	0.2900	0.3817	1.4767	
     59600	2.1483	0.0000	0.0000	0.2900	0.3817	1.4767	
     59600	0.2900	0.0000	0.0000	0.2900	0.0000	0.0000	
     59800	0.2900	0.0000	0.0000	0.2900	0.0000	0.0000	
     59800	0.0000	0.0000	0.0000	0.0000	0.0000	0.0000	
     60000	0.0000	0.0000	0.0000	0.0000	0.0000	0.0000	
     60000	0.0000	0.0000	0.0000	0.0000	0.0000	0.0000	
