        -1	0.0000	0.0000	0.0000	0.0000	0.0000	0.0000	
         0	0.0000	0.0000	0.0000	0.0000	0.0000	0.0000	
         0	2.5251	0.0000	0.6867	0.0000	0.0000	1.8384	
        99	2.5251	0.0000	0.6867	0.0000	0.0000	1.8384	
        99	2.5239	0.0000	0.6867	0.0000	1.8372	0.0000	
       314	2.5239	0.0000	0.6867	0.0000	1.8372	0.0000	
       314	2.5173	0.0000	0.6867	1.8306	0.0000	0.0000	
       798	2.5173	0.0000	0.6867	1.8306	0.0000	0.0000	
       798	0.6867	0.0000	0.6867	0.0000	0.0000	0.0000	
       800	0.6867	0.0000	0.6867	0.0000	0.0000	0.0000	
       800	2.5251	0.0000	0.6867	0.0000	0.0000	1.8384	
       899	2.5251	0.0000	0.6867	0.0000	0.0000	1.8384	
       899	2.5239	0.0000	0.6867	0.0000	1.8372	0.0000	
      1114	2.5239	0.0000	0.6867	0.0000	1.8372	0.0000	
      1114	2.5173	0.0000	0.6867	1.8306	0.0000	0.0000	
      1598	2.5173	0.0000	0.6867	1.8306	0.0000	0.0000	
      1598	0.6867	0.0000	0.6867	0.0000	0.0000	0.0000	
      1600	0.6867	0.0000	0.6867	0.0000	0.0000	0.0000	
      1600	2.5251	0.0000	0.6867	0.0000	0.0000	1.8384	
      1699	2.5251	0.0000	0.6867	0.0000	0.0000	1.8384	
      1699	2.5239	0.0000	0.6867	0.0000	1.8372	0.0000	
      1914	2.5239	0.0000	0.6867	0.0000	1.8372	0.0000	
      1914	2.5173	0.0000	0.6867	1.8306	0.0000	0.0000	
      2398	2.5173	0.0000	0.6867	1.8306	0.0000	0.0000	
      2398	0.6867	0.0000	0.6867	0.0000	0.0000	0.0000	
      2400	0.6867	0.0000	0.6867	0.0000	0.0000	0.0000	
      2400	2.5251	0.0000	0.6867	0.0000	0.0000	1.8384	
      2499	2.5251	0.0000	0.6867	0.0000	0.0000	1.8384	
      2499	2.5239	0.0000	0.6867	0.0000	1.8372	0.0000	
      2714	2.5239	0.0000	0.6867	0.0000	1.8372	0.0000	
      2714	2.5173	0.0000	0.6867	1.8306	0.0000	0.0000	
      3198	2.5173	0.0000	0.6867	1.8306	0.0000	0.0000	
      3198	0.6867	0.0000	0.6867	0.0000	0.0000	0.0000	
      3200	0.6867	0.0000	0.6867	0.0000	0.0000	0.0000	
      3200	2.5251	0.0000	0.6867	0.0000	0.0000	1.8384	
      3299	2.5251	0.0000	0.6867	0.0000	0.0000	1.8384	
      3299	2.5239	0.0000	0.6867	0.0000	1.8372	0.0000	
      3514	2.5239	0.0000	0.6867	0.0000	1.8372	0.0000	
      3514	2.5173	0.0000	0.6867	1.8306	0.0000	0.0000	
      3998	2.5173	0.0000	0.6867	1.8306	0.0000	0.0000	
      3998	0.6867	0.0000	0.6867	0.0000	0.0000	0.0000	
      4000	0.6867	0.0000	0.6867	0.0000	0.0000	0.0000	
      4000	2.5251	0.0000	0.6867	0.0000	0.0000	1.8384	
      4012	2.5251	0.0000	0.6867	0.0000	0.0000	1.8384	
      4012	2.5249	0.6866	0.0000	0.0000	0.0000	1.8384	
      4099	2.5249	0.6866	0.0000	0.0000	0.0000	1.8384	
      4099	2.5238	0.6866	0.0000	0.0000	1.8372	0.0000	
      4314	2.5238	0.6866	0.0000	0.0000	1.8372	0.0000	
      4314	2.5171	0.6866	0.0000	1.8306	0.0000	0.0000	
      4798	2.5171	0.6866	0.0000	1.8306	0.0000	0.0000	
      4798	0.6866	0.6866	0.0000	0.0000	0.0000	0.0000	
      4800	0.6866	0.6866	0.0000	0.0000	0.0000	0.0000	
      4800	2.5249	0.6866	0.0000	0.0000	0.0000	1.8384	
      4899	2.5249	0.6866	0.0000	0.0000	0.0000	1.8384	
      4899	2.5238	0.6866	0.0000	0.0000	1.8372	0.0000	
      5114	2.5238	0.6866	0.0000	0.0000	1.8372	0.0000	
      5114	2.5171	0.6866	0.0000	1.8306	0.0000	0.0000	
      5598	2.5171	0.6866	0.0000	1.8306	0.0000	0.0000	
      5598	0.6866	0.6866	0.0000	0.0000	0.0000	0.0000	
      5600	0.6866	0.6866	0.0000	0.0000	0.0000	0.0000	
      5600	2.5249	0.6866	0.0000	0.0000	0.0000	1.8384	
      5699	2.5249	0.6866	0.0000	0.0000	0.0000	1.8384	
      5699	2.5238	0.6866	0.0000	0.0000	1.8372	0.0000	
      5914	2.5238	0.6866	0.0000	0.0000	1.8372	0.0000	
      5914	2.5171	0.6866	0.0000	1.8306	0.0000	0.0000	
      6398	2.5171	0.6866	0.0000	1.8306	0.0000	0.0000	
      6398	0.6866	0.6866	0.0000	0.0000	0.0000	0.0000	
      6400	0.6866	0.6866	0.0000	0.0000	0.0000	0.0000	
      6400	2.5249	0.6866	0.0000	0.0000	0.0000	1.8384	
      6499	2.5249	0.6866	0.0000	0.0000	0.0000	1.8384	
      6499	2.5238	0.6866	0.0000	0.0000	1.8372	0.0000	
      6714	2.5238	0.6866	0.0000	0.0000	1.8372	0.0000	
      6714	2.5171	0.6866	0.0000	1.8306	0.0000	0.0000	
      7198	2.5171	0.6866	0.0000	1.8306	0.0000	0.0000	
      7198	0.6866	0.6866	0.0000	0.0000	0.0000	0.0000	
      7200	0.6866	0.6866	0.0000	0.0000	0.0000	0.0000	
      7200	2.5249	0.6866	0.0000	0.0000	0.0000	1.8384	
      7299	2.5249	0.6866	0.0000	0.0000	0.0000	1.8384	
      7299	2.5238	0.6866	0.0000	0.0000	1.8372	0.0000	
      7514	2.5238	0.6866	0.0000	0.0000	1.8372	0.0000	
      7514	2.5171	0.6866	0.0000	1.8306	0.0000	0.0000	
      7998	2.5171	0.6866	0.0000	1.8306	0.0000	0.0000	
      7998	0.6866	0.6866	0.0000	0.0000	0.0000	0.0000	
      8000	0.6866	0.6866	0.0000	0.0000	0.0000	0.0000	
      8000	2.5249	0.6866	0.0000	0.0000	0.0000	1.8384	
      8099	2.5249	0.6866	0.0000	0.0000	0.0000	1.8384	
      8099	2.5238	0.6866	0.0000	0.0000	1.8372	0.0000	
      8314	2.5238	0.6866	0.0000	0.0000	1.8372	0.0000	
      8314	2.5171	0.6866	0.0000	1.8306	0.0000	0.0000	
      8798	2.5171	0.6866	0.0000	1.8306	0.0000	0.0000	
      8798	0.6866	0.6866	0.0000	0.0000	0.0000	0.0000	
      8800	0.6866	0.6866	0.0000	0.0000	0.0000	0.0000	
      8800	2.5249	0.6866	0.0000	0.0000	0.0000	1.8384	
      8899	2.5249	0.6866	0.0000	0.0000	0.0000	1.8384	
      8899	2.5238	0.6866	0.0000	0.0000	1.8372	0.0000	
      9114	2.5238	0.6866	0.0000	0.0000	1.8372	0.0000	
      9114	2.5171	0.6866	0.0000	1.8306	0.0000	0.0000	
      9598	2.5171	0.6866	0.0000	1.8306	0.0000	0.0000	
      9598	0.6866	0.6866	0.0000	0.0000	0.0000	0.0000	
      9600	0.6866	0.6866	0.0000	0.0000	0.0000	0.0000	
      9600	2.5249	0.6866	0.0000	0.0000	0.0000	1.8384	
      9699	2.5249	0.6866	0.0000	0.0000	0.0000	1.8384	
      9699	2.5238	0.6866	0.0000	0.0000	1.8372	0.0000	
      9914	2.5238	0.6866	0.0000	0.0000	1.8372	0.0000	
      9914	2.5171	0.6866	0.0000	1.8306	0.0000	0.0000	
     10398	2.5171	0.6866	0.0000	1.8306	0.0000	0.0000	
     10398	0.6866	0.6866	0.0000	0.0000	0.0000	0.0000	
     10400	0.6866	0.6866	0.0000	0.0000	0.0000	0.0000	
     10400	2.5249	0.6866	0.0000	0.0000	0.0000	1.8384	
     10499	2.5249	0.6866	0.0000	0.0000	0.0000	1.8384	
     10499	2.5238	0.6866	0.0000	0.0000	1.8372	0.0000	
     10714	2.5238	0.6866	0.0000	0.0000	1.8372	0.0000	
     10714	2.5171	0.6866	0.0000	1.8306	0.0000	0.0000	
     11198	2.5171	0.6866	0.0000	1.8306	0.0000	0.0000	
     11198	0.6866	0.6866	0.0000	0.0000	0.0000	0.0000	
     11200	0.6866	0.6866	0.0000	0.0000	0.0000	0.0000	
     11200	2.5249	0.6866	0.0000	0.0000	0.0000	1.8384	
     11299	2.5249	0.6866	0.0000	0.0000	0.0000	1.8384	
     11299	2.5238	0.6866	0.0000	0.0000	1.8372	0.0000	
     11514	2.5238	0.6866	0.0000	0.0000	1.8372	0.0000	
     11514	2.5171	0.6866	0.0000	1.8306	0.0000	0.0000	
     11998	2.5171	0.6866	0.0000	1.8306	0.0000	0.0000	
     11998	0.6866	0.6866	0.0000	0.0000	0.0000	0.0000	
     12000	0.6866	0.6866	0.0000	0.0000	0.0000	0.0000	
     12000	2.5249	0.6866	0.0000	0.0000	0.0000	1.8384	
     12099	2.5249	0.6866	0.0000	0.0000	0.0000	1.8384	
     12099	2.5238	0.6866	0.0000	0.0000	1.8372	0.0000	
     12314	2.5238	0.6866	0.0000	0.0000	1.8372	0.0000	
     12314	2.5171	0.6866	0.0000	1.8306	0.0000	0.0000	
     12798	2.5171	0.6866	0.0000	1.8306	0.0000	0.0000	
     12798	0.6866	0.6866	0.0000	0.0000	0.0000	0.0000	
     12800	0.6866	0.6866	0.0000	0.0000	0.0000	0.0000	
     12800	2.5249	0.6866	0.0000	0.0000	0.0000	1.8384	
     12899	2.5249	0.6866	0.0000	0.0000	0.0000	1.8384	
     12899	2.5238	0.6866	0.0000	0.0000	1.8372	0.0000	
     13114	2.5238	0.6866	0.0000	0.0000	1.8372	0.0000	
     13114	2.5171	0.6866	0.0000	1.8306	0.0000	0.0000	
     13598	2.5171	0.6866	0.0000	1.8306	0.0000	0.0000	
     13598	0.6866	0.6866	0.0000	0.0000	0.0000	0.0000	
     13600	0.6866	0.6866	0.0000	0.0000	0.0000	0.0000	
     13600	2.5249	0.6866	0.0000	0.0000	0.0000	1.8384	
     13699	2.5249	0.6866	0.0000	0.0000	0.0000	1.8384	
     13699	2.5238	0.6866	0.0000	0.0000	1.8372	0.0000	
     13914	2.5238	0.6866	0.0000	0.0000	1.8372	0.0000	
     13914	2.5171	0.6866	0.0000	1.8306	0.0000	0.0000	
     14398	2.5171	0.6866	0.0000	1.8306	0.0000	0.0000	
     14398	0.6866	0.6866	0.0000	0.0000	0.0000	0.0000	
     14400	0.6866	0.6866	0.0000	0.0000	0.0000	0.0000	
     14400	2.5249	0.6866	0.0000	0.0000	0.0000	1.8384	
     14499	2.5249	0.6866	0.0000	0.0000	0.0000	1.8384	
     14499	2.5238	0.6866	0.0000	0.0000	1.8372	0.0000	
     14714	2.5238	0.6866	0.0000	0.0000	1.8372	0.0000	
     14714	2.5171	0.6866	0.0000	1.8306	0.0000	0.0000	
     15198	2.5171	0.6866	0.0000	1.8306	0.0000	0.0000	
     15198	0.6866	0.6866	0.0000	0.0000	0.0000	0.0000	
     15200	0.6866	0.6866	0.0000	0.0000	0.0000	0.0000	
     15200	2.5249	0.6866	0.0000	0.0000	0.0000	1.8384	
     15299	2.5249	0.6866	0.0000	0.0000	0.0000	1.8384	
     15299	2.5238	0.6866	0.0000	0.0000	1.8372	0.0000	
     15514	2.5238	0.6866	0.0000	0.0000	1.8372	0.0000	
     15514	2.5171	0.6866	0.0000	1.8306	0.0000	0.0000	
     15998	2.5171	0.6866	0.0000	1.8306	0.0000	0.0000	
     15998	0.6866	0.6866	0.0000	0.0000	0.0000	0.0000	
     16000	0.6866	0.6866	0.0000	0.0000	0.0000	0.0000	
     16000	2.5249	0.6866	0.0000	0.0000	0.0000	1.8384	
     16099	2.5249	0.6866	0.0000	0.0000	0.0000	1.8384	
     16099	2.5238	0.6866	0.0000	0.0000	1.8372	0.0000	
     16314	2.5238	0.6866	0.0000	0.0000	1.8372	0.0000	
     16314	2.5171	0.6866	0.0000	1.8306	0.0000	0.0000	
     16798	2.5171	0.6866	0.0000	1.8306	0.0000	0.0000	
     16798	0.6866	0.6866	0.0000	0.0000	0.0000	0.0000	
     16800	0.6866	0.6866	0.0000	0.0000	0.0000	0.0000	
     16800	2.5249	0.6866	0.0000	0.0000	0.0000	1.8384	
     16899	2.5249	0.6866	0.0000	0.0000	0.0000	1.8384	
     16899	2.5238	0.6866	0.0000	0.0000	1.8372	0.0000	
     17114	2.5238	0.6866	0.0000	0.0000	1.8372	0.0000	
     17114	2.5171	0.6866	0.0000	1.8306	0.0000	0.0000	
     17598	2.5171	0.6866	0.0000	1.8306	0.0000	0.0000	
     17598	0.6866	0.6866	0.0000	0.0000	0.0000	0.0000	
     17600	0.6866	0.6866	0.0000	0.0000	0.0000	0.0000	
     17600	2.5249	0.6866	0.0000	0.0000	0.0000	1.8384	
     17699	2.5249	0.6866	0.0000	0.0000	0.0000	1.8384	
     17699	2.5238	0.6866	0.0000	0.0000	1.8372	0.0000	
     17914	2.5238	0.6866	0.0000	0.0000	1.8372	0.0000	
     17914	2.5171	0.6866	0.0000	1.8306	0.0000	0.0000	
     18398	2.5171	0.6866	0.0000	1.8306	0.0000	0.0000	
     18398	0.6866	0.6866	0.0000	0.0000	0.0000	0.0000	
     18400	0.6866	0.6866	0.0000	0.0000	0.0000	0.0000	
     18400	2.5249	0.6866	0.0000	0.0000	0.0000	1.8384	
     18499	2.5249	0.6866	0.0000	0.0000	0.0000	1.8384	
     18499	2.5238	0.6866	0.0000	0.0000	1.8372	0.0000	
     18714	2.5238	0.6866	0.0000	0.0000	1.8372	0.0000	
     18714	2.5171	0.6866	0.0000	1.8306	0.0000	0.0000	
     19198	2.5171	0.6866	0.0000	1.8306	0.0000	0.0000	
     19198	0.6866	0.6866	0.0000	0.0000	0.0000	0.0000	
     19200	0.6866	0.6866	0.0000	0.0000	0.0000	0.0000	
     19200	2.5249	0.6866	0.0000	0.0000	0.0000	1.8384	
     19299	2.5249	0.6866	0.0000	0.0000	0.0000	1.8384	
     19299	2.5238	0.6866	0.0000	0.0000	1.8372	0.0000	
     19514	2.5238	0.6866	0.0000	0.0000	1.8372	0.0000	
     19514	2.5171	0.6866	0.0000	1.8306	0.0000	0.0000	
     19998	2.5171	0.6866	0.0000	1.8306	0.0000	0.0000	
     19998	0.6866	0.6866	0.0000	0.0000	0.0000	0.0000	
     19999	0.6866	0.6866	0.0000	0.0000	0.0000	0.0000	
     19999	0.0000	0.0000	0.0000	0.0000	0.0000	0.0000	
     20000	0.0000	0.0000	0.0000	0.0000	0.0000	0.0000	
     20000	0.0000	0.0000	0.0000	0.0000	0.0000	0.0000	
