        -1	0.0000	0.0000	0.0000	0.0000	0.0000	0.0000	
         0	0.0000	0.0000	0.0000	0.0000	0.0000	0.0000	
         0	5.0563	1.5600	0.9183	0.3480	0.4580	1.7720	
       500	5.0563	1.5600	0.9183	0.3480	0.4580	1.7720	
       500	2.4783	1.5600	0.9183	0.0000	0.0000	0.0000	
       800	2.4783	1.5600	0.9183	0.0000	0.0000	0.0000	
       800	2.8263	1.5600	0.9183	0.3480	0.0000	0.0000	
      1000	2.8263	1.5600	0.9183	0.3480	0.0000	0.0000	
      1000	5.0563	1.5600	0.9183	0.3480	0.4580	1.7720	
      1300	5.0563	1.5600	0.9183	0.3480	0.4580	1.7720	
      1300	4.7083	1.5600	0.9183	0.0000	0.4580	1.7720	
      1500	4.7083	1.5600	0.9183	0.0000	0.4580	1.7720	
      1500	2.4783	1.5600	0.9183	0.0000	0.0000	0.0000	
      1600	2.4783	1.5600	0.9183	0.0000	0.0000	0.0000	
      1600	2.8263	1.5600	0.9183	0.3480	0.0000	0.0000	
      2000	2.8263	1.5600	0.9183	0.3480	0.0000	0.0000	
      2000	5.0563	1.5600	0.9183	0.3480	0.4580	1.7720	
      2100	5.0563	1.5600	0.9183	0.3480	0.4580	1.7720	
      2100	4.7083	1.5600	0.9183	0.0000	0.4580	1.7720	
      2400	4.7083	1.5600	0.9183	0.0000	0.4580	1.7720	
      2400	5.0563	1.5600	0.9183	0.3480	0.4580	1.7720	
      2500	5.0563	1.5600	0.9183	0.3480	0.4580	1.7720	
      2500	2.8263	1.5600	0.9183	0.3480	0.0000	0.0000	
      2900	2.8263	1.5600	0.9183	0.3480	0.0000	0.0000	
      2900	2.4783	1.5600	0.9183	0.0000	0.0000	0.0000	
      3000	2.4783	1.5600	0.9183	0.0000	0.0000	0.0000	
      3000	3.7900	1.5600	0.0000	0.0000	0.4580	1.7720	
      3200	3.7900	1.5600	0.0000	0.0000	0.4580	1.7720	
      3200	4.1380	1.5600	0.0000	0.3480	0.4580	1.7720	
      3500	4.1380	1.5600	0.0000	0.3480	0.4580	1.7720	
      3500	1.9080	1.5600	0.0000	0.3480	0.0000	0.0000	
      3700	1.9080	1.5600	0.0000	0.3480	0.0000	0.0000	
      3700	1.5600	1.5600	0.0000	0.0000	0.0000	0.0000	
      4000	1.5600	1.5600	0.0000	0.0000	0.0000	0.0000	
      4000	4.1380	1.5600	0.0000	0.3480	0.4580	1.7720	
      4500	4.1380	1.5600	0.0000	0.3480	0.4580	1.7720	
      4500	1.5600	1.5600	0.0000	0.0000	0.0000	0.0000	
      4800	1.5600	1.5600	0.0000	0.0000	0.0000	0.0000	
      4800	1.9080	1.5600	0.0000	0.3480	0.0000	0.0000	
      5000	1.9080	1.5600	0.0000	0.3480	0.0000	0.0000	
      5000	4.1380	1.5600	0.0000	0.3480	0.4580	1.7720	
      5300	4.1380	1.5600	0.0000	0.3480	0.4580	1.7720	
      5300	3.7900	1.5600	0.0000	0.0000	0.4580	1.7720	
      5500	3.7900	1.5600	0.0000	0.0000	0.4580	1.7720	
      5500	1.5600	1.5600	0.0000	0.0000	0.0000	0.0000	
      5600	1.5600	1.5600	0.0000	0.0000	0.0000	0.0000	
      5600	1.9080	1.5600	0.0000	0.3480	0.0000	0.0000	
      6000	1.9080	1.5600	0.0000	0.3480	0.0000	0.0000	
      6000	4.1380	1.5600	0.0000	0.3480	0.4580	1.7720	
      6100	4.1380	1.5600	0.0000	0.3480	0.4580	1.7720	
      6100	3.7900	1.5600	0.0000	0.0000	0.4580	1.7720	
      6400	3.7900	1.5600	0.0000	0.0000	0.4580	1.7720	
      6400	4.1380	1.5600	0.0000	0.3480	0.4580	1.7720	
      6500	4.1380	1.5600	0.0000	0.3480	0.4580	1.7720	
      6500	1.9080	1.5600	0.0000	0.3480	0.0000	0.0000	
      6900	1.9080	1.5600	0.0000	0.3480	0.0000	0.0000	
      6900	1.5600	1.5600	0.0000	0.0000	0.0000	0.0000	
      7000	1.5600	1.5600	0.0000	0.0000	0.0000	0.0000	
      7000	3.7900	1.5600	0.0000	0.0000	0.4580	1.7720	
      7200	3.7900	1.5600	0.0000	0.0000	0.4580	1.7720	
      7200	4.1380	1.5600	0.0000	0.3480	0.4580	1.7720	
      7500	4.1380	1.5600	0.0000	0.3480	0.4580	1.7720	
      7500	1.9080	1.5600	0.0000	0.3480	0.0000	0.0000	
      7700	1.9080	1.5600	0.0000	0.3480	0.0000	0.0000	
      7700	1.5600	1.5600	0.0000	0.0000	0.0000	0.0000	
      8000	1.5600	1.5600	0.0000	0.0000	0.0000	0.0000	
      8000	2.5780	0.0000	0.0000	0.3480	0.4580	1.7720	
      8500	2.5780	0.0000	0.0000	0.3480	0.4580	1.7720	
      8500	0.0000	0.0000	0.0000	0.0000	0.0000	0.0000	
      8800	0.0000	0.0000	0.0000	0.0000	0.0000	0.0000	
      8800	0.3480	0.0000	0.0000	0.3480	0.0000	0.0000	
      9000	0.3480	0.0000	0.0000	0.3480	0.0000	0.0000	
      9000	2.5780	0.0000	0.0000	0.3480	0.4580	1.7720	
      9300	2.5780	0.0000	0.0000	0.3480	0.4580	1.7720	
      9300	2.2300	0.0000	0.0000	0.0000	0.4580	1.7720	
      9500	2.2300	0.0000	0.0000	0.0000	0.4580	1.7720	
      9500	0.0000	0.0000	0.0000	0.0000	0.0000	0.0000	
      9600	0.0000	0.0000	0.0000	0.0000	0.0000	0.0000	
      9600	0.3480	0.0000	0.0000	0.3480	0.0000	0.0000	
     10000	0.3480	0.0000	0.0000	0.3480	0.0000	0.0000	
     10000	3.4963	0.0000	0.9183	0.3480	0.4580	1.7720	
     10100	3.4963	0.0000	0.9183	0.3480	0.4580	1.7720	
     10100	3.1483	0.0000	0.9183	0.0000	0.4580	1.7720	
     10400	3.1483	0.0000	0.9183	0.0000	0.4580	1.7720	
     10400	3.4963	0.0000	0.9183	0.3480	0.4580	1.7720	
     10500	3.4963	0.0000	0.9183	0.3480	0.4580	1.7720	
     10500	1.2663	0.0000	0.9183	0.3480	0.0000	0.0000	
     10900	1.2663	0.0000	0.9183	0.3480	0.0000	0.0000	
     10900	0.9183	0.0000	0.9183	0.0000	0.0000	0.0000	
     11000	0.9183	0.0000	0.9183	0.0000	0.0000	0.0000	
     11000	3.1483	0.0000	0.9183	0.0000	0.4580	1.7720	
     11200	3.1483	0.0000	0.9183	0.0000	0.4580	1.7720	
     11200	3.4963	0.0000	0.9183	0.3480	0.4580	1.7720	
     11500	3.4963	0.0000	0.9183	0.3480	0.4580	1.7720	
     11500	1.2663	0.0000	0.9183	0.3480	0.0000	0.0000	
     11700	1.2663	0.0000	0.9183	0.3480	0.0000	0.0000	
     11700	0.9183	0.0000	0.9183	0.0000	0.0000	0.0000	
     12000	0.9183	0.0000	0.9183	0.0000	0.0000	0.0000	
     12000	3.4963	0.0000	0.9183	0.3480	0.4580	1.7720	
     12500	3.4963	0.0000	0.9183	0.3480	0.4580	1.7720	
     12500	0.9183	0.0000	0.9183	0.0000	0.0000	0.0000	
     12800	0.9183	0.0000	0.9183	0.0000	0.0000	0.0000	
     12800	1.2663	0.0000	0.9183	0.3480	0.0000	0.0000	
     13000	1.2663	0.0000	0.9183	0.3480	0.0000	0.0000	
     13000	2.5780	0.0000	0.0000	0.3480	0.4580	1.7720	
     13300	2.5780	0.0000	0.0000	0.3480	0.4580	1.7720	
     13300	2.2300	0.0000	0.0000	0.0000	0.4580	1.7720	
     13500	2.2300	0.0000	0.0000	0.0000	0.4580	1.7720	
     13500	0.0000	0.0000	0.0000	0.0000	0.0000	0.0000	
     13600	0.0000	0.0000	0.0000	0.0000	0.0000	0.0000	
     13600	0.3480	0.0000	0.0000	0.3480	0.0000	0.0000	
     14000	0.3480	0.0000	0.0000	0.3480	0.0000	0.0000	
     14000	2.5780	0.0000	0.0000	0.3480	0.4580	1.7720	
     14100	2.5780	0.0000	0.0000	0.3480	0.4580	1.7720	
     14100	2.2300	0.0000	0.0000	0.0000	0.4580	1.7720	
     14400	2.2300	0.0000	0.0000	0.0000	0.4580	1.7720	
     14400	2.5780	0.0000	0.0000	0.3480	0.4580	1.7720	
     14500	2.5780	0.0000	0.0000	0.3480	0.4580	1.7720	
     14500	0.3480	0.0000	0.0000	0.3480	0.0000	0.0000	
     14900	0.3480	0.0000	0.0000	0.3480	0.0000	0.0000	
     14900	0.0000	0.0000	0.0000	0.0000	0.0000	0.0000	
     15000	0.0000	0.0000	0.0000	0.0000	0.0000	0.0000	
     15000	2.2300	0.0000	0.0000	0.0000	0.4580	1.7720	
     15200	2.2300	0.0000	0.0000	0.0000	0.4580	1.7720	
     15200	2.5780	0.0000	0.0000	0.3480	0.4580	1.7720	
     15500	2.5780	0.0000	0.0000	0.3480	0.4580	1.7720	
     15500	0.3480	0.0000	0.0000	0.3480	0.0000	0.0000	
     15700	0.3480	0.0000	0.0000	0.3480	0.0000	0.0000	
     15700	0.0000	0.0000	0.0000	0.0000	0.0000	0.0000	
     16000	0.0000	0.0000	0.0000	0.0000	0.0000	0.0000	
     16000	2.5780	0.0000	0.0000	0.3480	0.4580	1.7720	
     16500	2.5780	0.0000	0.0000	0.3480	0.4580	1.7720	
     16500	0.0000	0.0000	0.0000	0.0000	0.0000	0.0000	
     16800	0.0000	0.0000	0.0000	0.0000	0.0000	0.0000	
     16800	0.3480	0.0000	0.0000	0.3480	0.0000	0.0000	
     17000	0.3480	0.0000	0.0000	0.3480	0.0000	0.0000	
     17000	2.5780	0.0000	0.0000	0.3480	0.4580	1.7720	
     17300	2.5780	0.0000	0.0000	0.3480	0.4580	1.7720	
     17300	2.2300	0.0000	0.0000	0.0000	0.4580	1.7720	
     17500	2.2300	0.0000	0.0000	0.0000	0.4580	1.7720	
     17500	0.0000	0.0000	0.0000	0.0000	0.0000	0.0000	
     17600	0.0000	0.0000	0.0000	0.0000	0.0000	0.0000	
     17600	0.3480	0.0000	0.0000	0.3480	0.0000	0.0000	
     18000	0.3480	0.0000	0.0000	0.3480	0.0000	0.0000	
     18000	2.5780	0.0000	0.0000	0.3480	0.4580	1.7720	
     18100	2.5780	0.0000	0.0000	0.3480	0.4580	1.7720	
     18100	2.2300	0.0000	0.0000	0.0000	0.4580	1.7720	
     18400	2.2300	0.0000	0.0000	0.0000	0.4580	1.7720	
     18400	2.5780	0.0000	0.0000	0.3480	0.4580	1.7720	
     18500	2.5780	0.0000	0.0000	0.3480	0.4580	1.7720	
     18500	0.3480	0.0000	0.0000	0.3480	0.0000	0.0000	
     18900	0.3480	0.0000	0.0000	0.3480	0.0000	0.0000	
     18900	0.0000	0.0000	0.0000	0.0000	0.0000	0.0000	
     19000	0.0000	0.0000	0.0000	0.0000	0.0000	0.0000	
     19000	2.2300	0.0000	0.0000	0.0000	0.4580	1.7720	
     19200	2.2300	0.0000	0.0000	0.0000	0.4580	1.7720	
     19200	2.5780	0.0000	0.0000	0.3480	0.4580	1.7720	
     19500	2.5780	0.0000	0.0000	0.3480	0.4580	1.7720	
     19500	0.3480	0.0000	0.0000	0.3480	0.0000	0.0000	
     19700	0.3480	0.0000	0.0000	0.3480	0.0000	0.0000	
     19700	0.0000	0.0000	0.0000	0.0000	0.0000	0.0000	
     20000	0.0000	0.0000	0.0000	0.0000	0.0000	0.0000	
     20000	0.0000	0.0000	0.0000	0.0000	0.0000	0.0000	
